index,train-micro-misclf-rate,test-micro-misclf-rate,train-macro-misclf-rate,test-macro-misclf-rate,n-labeled-samples,n-true-labels-0,n-false-labels-0,n-true-labels-1,n-false-labels-1,n-true-labels-2,n-false-labels-2,n-true-labels-3,n-false-labels-3,n-true-labels,n-false-labels,times
0,0.8392857142857143,0.8928571428571429,0.8512014044156901,0.8801615752617494,0,0,0,0,0,0,0,0,0,0,0,0.0
1,0.8690476190476191,0.8392857142857143,0.8571428571428571,0.8571428571428571,1,0,0,0,0,1,0,0,0,1,0,0.18501615524291992
2,0.7113095238095238,0.7410714285714286,0.7175324675324675,0.7301587301587301,2,0,0,1,0,1,0,0,0,2,0,0.12262201309204102
3,0.5684523809523809,0.5982142857142857,0.5746753246753247,0.5873015873015872,3,0,0,1,0,1,0,1,0,3,0,0.10745000839233398
4,0.4523809523809524,0.4642857142857143,0.4512987012987013,0.46439909297052157,4,1,0,1,0,1,0,1,0,4,0,0.10318207740783691
5,0.44047619047619047,0.39732142857142855,0.4327154327154328,0.41801593683126775,5,1,0,1,0,1,0,1,1,4,1,0.09899020195007324
6,0.44345238095238093,0.41517857142857145,0.4378121878121878,0.4294591007134561,6,2,0,1,0,1,0,1,1,5,1,0.09909391403198242
7,0.39880952380952384,0.42410714285714285,0.4023857623857624,0.41671899529042383,6,2,0,1,0,2,0,1,1,6,1,0.09637594223022461
8,0.47619047619047616,0.5,0.4766714766714767,0.4976713762428048,6,2,1,1,0,2,0,1,1,6,2,0.09671497344970703
9,0.39880952380952384,0.42410714285714285,0.4023857623857624,0.41671899529042383,6,2,1,2,0,2,0,1,1,7,2,0.09487295150756836
10,0.4851190476190476,0.47767857142857145,0.4831649831649832,0.4798142333856619,7,2,1,2,0,2,1,1,1,7,3,0.0940861701965332
11,0.4583333333333333,0.46875,0.4563792688792689,0.4708856619570905,7,2,1,3,0,2,1,1,1,8,3,0.09475517272949219
12,0.4494047619047619,0.45535714285714285,0.4474506974506975,0.45646258503401355,8,2,1,3,0,3,1,1,1,9,3,0.09457874298095703
13,0.4494047619047619,0.4642857142857143,0.44805194805194803,0.4642857142857143,9,2,1,4,0,3,1,1,1,10,3,0.0918436050415039
14,0.4880952380952381,0.48214285714285715,0.487012987012987,0.48214285714285715,9,2,1,4,1,3,1,1,1,10,4,0.09139299392700195
15,0.42857142857142855,0.45089285714285715,0.43142857142857144,0.44336734693877544,10,2,1,4,1,4,1,1,1,11,4,0.09334492683410645
16,0.3630952380952381,0.3705357142857143,0.3598316498316499,0.3712612687351364,11,2,1,5,1,4,1,1,1,12,4,0.09305381774902344
17,0.39285714285714285,0.38839285714285715,0.3931316831316831,0.3866503511973895,12,2,1,5,2,4,1,1,1,12,5,0.09424209594726562
18,0.36607142857142855,0.38392857142857145,0.3643005143005143,0.38420834875538706,13,2,1,6,2,4,1,1,1,13,5,0.0943307876586914
19,0.35714285714285715,0.375,0.3566474530760245,0.3723035868506252,14,2,1,6,3,4,1,1,1,13,6,0.09426093101501465
20,0.3898809523809524,0.38839285714285715,0.39166600595172024,0.38420834875538706,15,2,1,6,3,4,2,1,1,13,7,0.09459209442138672
21,0.39880952380952384,0.41517857142857145,0.40071053285339,0.41158930113633946,16,2,1,6,4,4,2,1,1,13,8,0.09408116340637207
22,0.3958333333333333,0.39732142857142855,0.39776990205561635,0.39293850748554576,17,2,1,6,4,4,2,2,1,14,8,0.09455370903015137
23,0.36607142857142855,0.36607142857142855,0.36113986542557974,0.3685482635831067,18,2,1,7,4,4,2,2,1,15,8,0.09229803085327148
24,0.36904761904761907,0.36607142857142855,0.3648028690885834,0.3680643301723441,19,2,1,7,4,4,3,2,1,15,9,0.09154415130615234
25,0.3958333333333333,0.38839285714285715,0.3901009043866187,0.3918738539818679,20,2,1,7,5,4,3,2,1,15,10,0.09050703048706055
26,0.38392857142857145,0.36160714285714285,0.374969844969845,0.3728262349342489,21,3,1,7,5,4,3,2,1,16,10,0.09151411056518555
27,0.38392857142857145,0.36160714285714285,0.374969844969845,0.3728262349342489,21,3,1,7,5,4,3,3,1,17,10,0.09194397926330566
28,0.35714285714285715,0.34375,0.35201066129637565,0.3485588356668496,22,3,1,8,5,4,3,3,1,18,10,0.08974313735961914
29,0.3273809523809524,0.32142857142857145,0.32321659821659826,0.32512007930126396,23,4,1,8,5,4,3,3,1,19,10,0.09000396728515625
30,0.3273809523809524,0.33482142857142855,0.32351172636886927,0.338215317396502,24,4,1,8,5,4,4,3,1,19,11,0.09012103080749512
31,0.3244047619047619,0.32142857142857145,0.3220546649118078,0.32591373009491476,25,4,1,9,5,4,4,3,1,20,11,0.0902400016784668
32,0.3244047619047619,0.32142857142857145,0.3220546649118078,0.32591373009491476,26,4,1,9,5,4,4,4,1,21,11,0.08994483947753906
33,0.3244047619047619,0.33035714285714285,0.32283388569102855,0.33385023803142266,26,5,1,9,5,4,4,4,1,22,11,0.08970117568969727
34,0.32142857142857145,0.32589285714285715,0.3177637706209135,0.3298819840631687,27,5,1,10,5,4,4,4,1,23,11,0.0886530876159668
35,0.31547619047619047,0.32589285714285715,0.31247276532990814,0.3298819840631687,28,5,1,11,5,4,4,4,1,24,11,0.08847713470458984
36,0.31547619047619047,0.32589285714285715,0.31247276532990814,0.3298819840631687,29,5,1,11,5,4,4,5,1,25,11,0.08874917030334473
37,0.31845238095238093,0.32589285714285715,0.3161357689929118,0.3278717991261545,30,5,1,12,5,4,4,5,1,26,11,0.08898520469665527
38,0.31845238095238093,0.32142857142857145,0.3161357689929118,0.3237901664730933,31,5,1,12,5,4,4,6,1,27,11,0.08790278434753418
39,0.31547619047619047,0.32142857142857145,0.3131595785167214,0.3237901664730933,32,5,1,12,5,4,4,7,1,28,11,0.08818602561950684
40,0.31547619047619047,0.32142857142857145,0.3131595785167214,0.3237901664730933,33,5,1,12,5,5,4,7,1,29,11,0.08786892890930176
41,0.31845238095238093,0.32142857142857145,0.31682258217972503,0.3237901664730933,34,5,1,13,5,5,4,7,1,30,11,0.08679008483886719
42,0.3125,0.30357142857142855,0.3117205413633985,0.2981098943642498,35,5,1,14,5,5,4,7,1,31,11,0.08767390251159668
43,0.2916666666666667,0.29464285714285715,0.28607951572237283,0.29114125324926715,36,5,1,14,5,6,4,7,1,32,11,0.08846592903137207
44,0.2916666666666667,0.29017857142857145,0.28607951572237283,0.2876569326917759,37,5,1,15,5,6,4,7,1,33,11,0.08901214599609375
45,0.28869047619047616,0.29910714285714285,0.28331685510256943,0.2951095072175211,38,5,1,15,5,7,4,7,1,34,11,0.08996796607971191
46,0.28273809523809523,0.29017857142857145,0.2759908477765621,0.2881408661025386,38,5,1,15,5,8,4,7,1,35,11,0.08832192420959473
47,0.28273809523809523,0.29910714285714285,0.2762024879882023,0.2957068193130911,38,5,1,15,5,9,4,7,1,36,11,0.08768057823181152
48,0.2767857142857143,0.28125,0.26887648066219494,0.28176953708312596,39,5,1,15,5,10,4,7,1,37,11,0.08710765838623047
49,0.2767857142857143,0.28125,0.26887648066219494,0.28176953708312596,40,5,1,15,5,11,4,7,1,38,11,0.08760380744934082
50,0.27380952380952384,0.2767857142857143,0.2641014937443509,0.27828521652563465,41,5,1,15,5,12,4,7,1,39,11,0.08679986000061035
51,0.27976190476190477,0.2767857142857143,0.2705950002378574,0.27828521652563465,42,5,1,15,5,12,5,7,1,39,12,0.08725500106811523
52,0.2857142857142857,0.29017857142857145,0.2763092859521431,0.2941582323986505,42,5,1,15,5,12,6,7,1,39,13,0.08691096305847168
53,0.2767857142857143,0.2767857142857143,0.2673482469911041,0.27828521652563465,42,5,1,15,5,12,6,8,1,40,13,0.08712482452392578
54,0.25892857142857145,0.28125,0.24864694828980546,0.28225347049388866,43,5,1,15,5,12,6,9,1,41,13,0.08643770217895508
55,0.24107142857142858,0.27232142857142855,0.23612375719518577,0.2703487085891267,43,6,1,15,5,12,6,9,1,42,13,0.08754372596740723
56,0.24404761904761904,0.25892857142857145,0.2324131820560392,0.261618549858968,44,6,1,15,5,13,6,9,1,43,13,0.0874481201171875
57,0.24107142857142858,0.26785714285714285,0.22916642880928598,0.26986477517836405,45,6,1,15,5,14,6,9,1,44,13,0.08676314353942871
58,0.23511904761904762,0.26339285714285715,0.2240643879929594,0.26391239422598306,46,6,1,15,5,14,6,10,1,45,13,0.08735299110412598
59,0.23511904761904762,0.25892857142857145,0.2240643879929594,0.2591504894640783,47,6,1,15,5,14,6,11,1,46,13,0.08578610420227051
60,0.22916666666666666,0.25892857142857145,0.2189623471766329,0.2591504894640783,48,7,1,15,5,14,6,11,1,47,13,0.08804988861083984
61,0.23214285714285715,0.25892857142857145,0.22262535083963655,0.2591504894640783,49,7,2,15,5,14,6,11,1,47,14,0.08977413177490234
62,0.23214285714285715,0.25892857142857145,0.22262535083963655,0.2591504894640783,50,7,2,16,5,14,6,11,1,48,14,0.08617424964904785
63,0.23214285714285715,0.25892857142857145,0.22262535083963655,0.2591504894640783,51,7,2,16,5,14,6,11,2,48,15,0.08648228645324707
64,0.23214285714285715,0.25892857142857145,0.22262535083963655,0.2591504894640783,52,7,2,16,5,14,6,12,2,49,15,0.08717226982116699
65,0.23214285714285715,0.26339285714285715,0.22262535083963655,0.26311874343233227,53,7,2,16,6,14,6,12,2,49,16,0.08592510223388672
66,0.22916666666666666,0.26339285714285715,0.2197682079824937,0.26311874343233227,54,7,2,16,6,15,6,12,2,50,16,0.0869600772857666
67,0.22321428571428573,0.25892857142857145,0.21466616716616718,0.25716636247995134,55,7,2,16,6,16,6,12,2,51,16,0.08682703971862793
68,0.2261904761904762,0.25892857142857145,0.21731166981166986,0.25716636247995134,56,7,2,16,6,16,6,12,3,51,17,0.08597087860107422
69,0.22023809523809523,0.25,0.20998566248566247,0.25019772136496876,57,7,2,16,6,17,6,12,3,52,17,0.0852060317993164
70,0.22023809523809523,0.24553571428571427,0.20998566248566247,0.24671340080747747,58,7,2,16,6,18,6,12,3,53,17,0.08678913116455078
71,0.21726190476190477,0.24553571428571427,0.2074346420774992,0.24671340080747747,59,7,2,16,6,19,6,12,3,54,17,0.08588862419128418
72,0.21428571428571427,0.24553571428571427,0.20377163841449555,0.24671340080747747,60,7,2,16,6,20,6,12,3,55,17,0.08636593818664551
73,0.21428571428571427,0.24553571428571427,0.20377163841449555,0.24671340080747747,61,7,2,17,6,20,6,12,3,56,17,0.08652210235595703
74,0.21428571428571427,0.25892857142857145,0.20377163841449555,0.263196917290994,62,7,3,17,6,20,6,12,3,56,18,0.08629608154296875
75,0.21428571428571427,0.2544642857142857,0.20377163841449555,0.25770241179648845,62,7,3,17,6,20,6,13,3,57,18,0.08630919456481934
76,0.21428571428571427,0.24553571428571427,0.20377163841449555,0.24671340080747747,63,7,3,17,6,20,6,14,3,58,18,0.08755111694335938
77,0.2261904761904762,0.26785714285714285,0.21647005111290826,0.2671215640727836,64,7,4,17,6,20,6,14,3,58,19,0.08623671531677246
78,0.21428571428571427,0.24553571428571427,0.20377163841449555,0.24671340080747747,65,7,4,17,6,20,6,15,3,59,19,0.08623218536376953
79,0.21428571428571427,0.24553571428571427,0.20377163841449555,0.24671340080747747,66,7,4,17,6,20,6,16,3,60,19,0.08774924278259277
80,0.21428571428571427,0.25,0.20377163841449555,0.25147530556938225,67,7,4,17,6,21,6,16,3,61,19,0.0871591567993164
81,0.20833333333333334,0.25,0.19755761434332864,0.25421809123899713,67,7,4,18,6,21,6,16,3,62,19,0.08649992942810059
82,0.2113095238095238,0.2544642857142857,0.20122061800633229,0.25770241179648845,67,7,4,18,6,21,6,16,4,62,20,0.08850884437561035
83,0.20833333333333334,0.25,0.19755761434332864,0.25421809123899713,67,7,4,18,6,22,6,16,4,63,20,0.08682703971862793
84,0.2113095238095238,0.2544642857142857,0.2001086347514919,0.25971259673350267,68,7,4,18,6,22,7,16,4,63,21,0.08667683601379395
85,0.20833333333333334,0.25,0.1964456310884882,0.2562282761760114,69,7,4,18,6,23,7,16,4,64,21,0.08626270294189453
86,0.20535714285714285,0.24553571428571427,0.19319887784173498,0.2522600222077574,70,7,4,18,6,23,7,17,4,65,21,0.08656191825866699
87,0.20535714285714285,0.25,0.19358848823134536,0.25543462538236056,70,7,4,18,6,23,7,18,4,66,21,0.08651328086853027
88,0.19047619047619047,0.23214285714285715,0.18292058470629896,0.23162510157283678,71,8,4,18,6,23,7,18,4,67,21,0.08686590194702148
89,0.20535714285714285,0.24107142857142858,0.19358848823134536,0.24749811744585262,72,8,4,18,6,23,7,19,4,68,21,0.08674383163452148
90,0.20535714285714285,0.24107142857142858,0.19331792546078258,0.24749811744585262,73,8,4,18,6,23,8,19,4,68,22,0.08550906181335449
91,0.20535714285714285,0.24107142857142858,0.19331792546078258,0.24749811744585262,74,8,4,18,6,23,8,20,4,69,22,0.08562111854553223
92,0.20535714285714285,0.24107142857142858,0.19331792546078258,0.24749811744585262,75,8,4,18,6,23,8,21,4,70,22,0.08583211898803711
93,0.19642857142857142,0.23214285714285715,0.18357766572052284,0.2395616095093447,76,8,4,18,6,24,8,21,4,71,22,0.08634281158447266
94,0.19345238095238096,0.23214285714285715,0.1810266453123596,0.2395616095093447,77,8,4,18,6,24,8,22,4,72,22,0.08507013320922852
95,0.19940476190476192,0.23214285714285715,0.18612868612868613,0.2395616095093447,78,8,4,18,7,24,8,22,4,72,23,0.08510994911193848
96,0.1875,0.22767857142857142,0.17592460449603306,0.23360922855696375,78,9,4,18,7,24,8,22,4,73,23,0.08539295196533203
97,0.18452380952380953,0.22767857142857142,0.17337358408786982,0.23360922855696375,78,9,4,18,7,24,8,23,4,74,23,0.0847620964050293
98,0.18452380952380953,0.22767857142857142,0.17337358408786982,0.23360922855696375,79,9,4,18,7,25,8,23,4,75,23,0.08401203155517578
99,0.18452380952380953,0.22767857142857142,0.17337358408786982,0.23360922855696375,80,9,4,18,7,25,8,24,4,76,23,0.0859689712524414
100,0.18452380952380953,0.24107142857142858,0.17337358408786982,0.24406219022943762,81,9,4,19,7,25,8,24,4,77,23,0.08361077308654785
101,0.18452380952380953,0.23660714285714285,0.17337358408786982,0.24057786967194633,82,9,4,19,7,25,8,24,5,77,24,0.08305788040161133
102,0.18452380952380953,0.23660714285714285,0.17337358408786982,0.24057786967194633,83,10,4,19,7,25,8,24,5,78,24,0.0849919319152832
103,0.18154761904761904,0.23660714285714285,0.17072808144236715,0.24057786967194633,83,10,4,20,7,25,8,24,5,79,24,0.08389115333557129
104,0.18154761904761904,0.23660714285714285,0.17072808144236715,0.24057786967194633,83,10,4,20,7,26,8,24,5,80,24,0.08463120460510254
105,0.17559523809523808,0.23660714285714285,0.16340207411635982,0.24057786967194633,84,10,4,20,7,27,8,24,5,81,24,0.0847930908203125
106,0.18154761904761904,0.23660714285714285,0.16869307940736514,0.24057786967194633,85,10,4,20,7,27,8,24,6,81,25,0.08408999443054199
107,0.18154761904761904,0.24107142857142858,0.16869307940736514,0.2460723751664518,85,10,5,20,7,27,8,24,6,81,26,0.08429408073425293
108,0.18452380952380953,0.24107142857142858,0.17133858205286776,0.2460723751664518,85,10,5,20,7,27,8,24,7,81,27,0.08399581909179688
109,0.17559523809523808,0.23660714285714285,0.16340207411635982,0.24057786967194633,85,10,5,20,7,28,8,24,7,82,27,0.0829460620880127
110,0.17559523809523808,0.23660714285714285,0.16340207411635982,0.24057786967194633,85,10,5,20,7,29,8,24,7,83,27,0.08294129371643066
111,0.17559523809523808,0.23660714285714285,0.16340207411635982,0.24057786967194633,85,10,5,21,7,29,8,24,7,84,27,0.08286380767822266
112,0.17559523809523808,0.23660714285714285,0.16340207411635982,0.24057786967194633,85,10,5,21,8,29,8,24,7,84,28,0.0841374397277832
113,0.17559523809523808,0.23660714285714285,0.16340207411635982,0.24057786967194633,85,10,6,21,8,29,8,24,7,84,29,0.08411002159118652
114,0.17559523809523808,0.23660714285714285,0.16340207411635982,0.24057786967194633,86,10,6,21,8,30,8,24,7,85,29,0.08240008354187012
115,0.17261904761904762,0.23660714285714285,0.16085105370819658,0.24057786967194633,87,11,6,21,8,30,8,24,7,86,29,0.08323192596435547
116,0.17261904761904762,0.23660714285714285,0.16085105370819658,0.24057786967194633,87,12,6,21,8,30,8,24,7,87,29,0.08159780502319336
117,0.16964285714285715,0.23660714285714285,0.1583000333000333,0.24057786967194633,88,12,6,21,8,31,8,24,7,88,29,0.08149600028991699
118,0.17261904761904762,0.23660714285714285,0.16196303696303696,0.24057786967194633,89,12,6,22,8,31,8,24,7,89,29,0.08195185661315918
119,0.17559523809523808,0.23660714285714285,0.1652097902097902,0.24057786967194633,89,12,6,22,9,31,8,24,7,89,30,0.08079910278320312
120,0.17559523809523808,0.23660714285714285,0.1652097902097902,0.24057786967194633,89,12,6,22,9,31,9,24,7,89,31,0.08250689506530762
121,0.17559523809523808,0.24107142857142858,0.1652097902097902,0.2460723751664518,90,12,6,23,9,31,9,24,7,90,31,0.0817263126373291
122,0.17261904761904762,0.23214285714285715,0.16154678654678656,0.23910373405146923,91,12,6,24,9,31,9,24,7,91,31,0.08257794380187988
123,0.17261904761904762,0.23214285714285715,0.16154678654678656,0.23910373405146923,92,13,6,24,9,31,9,24,7,92,31,0.08052301406860352
124,0.16666666666666666,0.23214285714285715,0.1555944055944056,0.23910373405146923,93,13,6,24,9,31,9,25,7,93,31,0.07953310012817383
125,0.17857142857142858,0.23660714285714285,0.16749916749916752,0.24356801976575496,94,13,6,24,10,31,9,25,7,93,32,0.07880496978759766
126,0.17559523809523808,0.24107142857142858,0.164014319014319,0.24862754357527878,95,13,6,24,10,31,9,26,7,94,32,0.0798029899597168
127,0.17559523809523808,0.22767857142857142,0.16362470862470863,0.23672278167051689,96,13,6,24,10,31,9,27,7,95,32,0.08032584190368652
128,0.17559523809523808,0.22767857142857142,0.16362470862470863,0.23672278167051689,97,13,6,25,10,31,9,27,7,96,32,0.08111786842346191
129,0.17559523809523808,0.22767857142857142,0.16362470862470863,0.23672278167051689,98,13,6,25,10,32,9,27,7,97,32,0.07913398742675781
130,0.17559523809523808,0.23214285714285715,0.16362470862470863,0.24069103563877084,99,13,6,26,10,32,9,27,7,98,32,0.08017992973327637
131,0.17559523809523808,0.23214285714285715,0.16362470862470863,0.24069103563877084,100,13,6,26,10,33,9,27,7,99,32,0.08014774322509766
132,0.18154761904761904,0.23660714285714285,0.16957708957708958,0.24515532135305657,100,13,6,26,10,33,10,27,7,99,33,0.08061480522155762
133,0.17559523809523808,0.23214285714285715,0.16362470862470863,0.24069103563877084,100,14,6,26,10,33,10,27,7,100,33,0.07970809936523438
134,0.17559523809523808,0.23214285714285715,0.16362470862470863,0.24069103563877084,100,14,6,27,10,33,10,27,7,101,33,0.0792539119720459
135,0.17559523809523808,0.23214285714285715,0.16362470862470863,0.24069103563877084,100,14,6,27,10,34,10,27,7,102,33,0.07810306549072266
136,0.17559523809523808,0.23214285714285715,0.16362470862470863,0.24069103563877084,100,15,6,27,10,34,10,27,7,103,33,0.07814502716064453
137,0.17559523809523808,0.23214285714285715,0.16362470862470863,0.24069103563877084,101,15,6,27,10,34,11,27,7,103,34,0.07811117172241211
138,0.17559523809523808,0.23214285714285715,0.16362470862470863,0.24069103563877084,101,15,6,28,10,34,11,27,7,104,34,0.07785701751708984
139,0.16964285714285715,0.22321428571428573,0.15713120213120213,0.2327545277022629,102,15,6,28,10,35,11,27,7,105,34,0.07671093940734863
140,0.17261904761904762,0.22767857142857142,0.1596822225393654,0.23672278167051689,103,15,6,28,10,36,11,27,7,106,34,0.07747411727905273
141,0.17857142857142858,0.24107142857142858,0.1661757290328719,0.24862754357527878,104,15,6,28,10,36,11,28,7,107,34,0.07693910598754883
142,0.17857142857142858,0.24107142857142858,0.1661757290328719,0.24862754357527878,104,15,6,28,10,36,11,29,7,108,34,0.07638406753540039
143,0.17261904761904762,0.21875,0.1596822225393654,0.2295799245276597,105,15,6,28,10,36,11,30,7,109,34,0.07644510269165039
144,0.17261904761904762,0.22321428571428573,0.1596822225393654,0.233064245085151,106,15,6,28,10,37,11,30,7,110,34,0.07515525817871094
145,0.17261904761904762,0.22321428571428573,0.1596822225393654,0.233064245085151,107,15,6,28,10,37,11,31,7,111,34,0.07623076438903809
146,0.17261904761904762,0.22321428571428573,0.1596822225393654,0.233064245085151,107,15,6,29,10,37,11,31,7,112,34,0.07638382911682129
147,0.16964285714285715,0.22321428571428573,0.15713120213120213,0.233064245085151,107,15,6,29,10,38,11,31,7,113,34,0.0757896900177002
148,0.1636904761904762,0.21428571428571427,0.15063769563769563,0.2251277371486431,107,15,6,30,10,38,11,31,7,114,34,0.07536983489990234
149,0.16071428571428573,0.20089285714285715,0.1473909423909424,0.21322297524388117,108,15,6,31,10,38,11,31,7,115,34,0.07514786720275879
150,0.16071428571428573,0.20089285714285715,0.1473909423909424,0.21322297524388117,108,15,6,32,10,38,11,31,7,116,34,0.07375407218933105
151,0.16071428571428573,0.20089285714285715,0.1473909423909424,0.21322297524388117,109,15,6,32,10,39,11,31,7,117,34,0.07282304763793945
152,0.16071428571428573,0.19642857142857142,0.1473909423909424,0.20973865468638989,110,15,6,33,10,39,11,31,7,118,34,0.07055115699768066
153,0.16071428571428573,0.19642857142857142,0.1473909423909424,0.20973865468638989,111,15,6,33,10,39,11,32,7,119,34,0.07043600082397461
154,0.15773809523809523,0.19196428571428573,0.1444147519147519,0.20378627373400895,112,16,6,33,10,39,11,32,7,120,34,0.07064986228942871
155,0.15476190476190477,0.19196428571428573,0.14186373150658863,0.20378627373400895,112,16,6,33,10,39,11,33,7,121,34,0.07141995429992676
156,0.15773809523809523,0.19196428571428573,0.1444147519147519,0.20378627373400895,112,16,6,33,11,39,11,33,7,121,35,0.07278704643249512
157,0.15773809523809523,0.19196428571428573,0.1444147519147519,0.20378627373400895,112,16,6,33,11,39,11,34,7,122,35,0.07185673713684082
158,0.15773809523809523,0.19196428571428573,0.1444147519147519,0.20378627373400895,113,16,6,33,11,40,11,34,7,123,35,0.07278728485107422
159,0.15773809523809523,0.1875,0.1444147519147519,0.20030195317651764,114,16,6,33,11,41,11,34,7,124,35,0.0726919174194336
160,0.15773809523809523,0.1875,0.1444147519147519,0.20030195317651764,115,16,6,33,11,42,11,34,7,125,35,0.07325172424316406
161,0.15773809523809523,0.19196428571428573,0.1444147519147519,0.20378627373400895,116,16,6,33,11,43,11,34,7,126,35,0.0710759162902832
162,0.15773809523809523,0.19642857142857142,0.1444147519147519,0.20727059429150024,117,16,6,34,11,43,11,34,7,127,35,0.0711660385131836
163,0.17261904761904762,0.19642857142857142,0.15716985395556823,0.20727059429150024,117,16,6,34,12,43,11,34,7,127,36,0.07376289367675781
164,0.17261904761904762,0.20089285714285715,0.15716985395556823,0.21322297524388117,117,17,6,34,12,43,11,34,7,128,36,0.07045578956604004
165,0.16964285714285715,0.20089285714285715,0.153923100708815,0.21322297524388117,117,18,6,34,12,43,11,34,7,129,36,0.06731605529785156
166,0.17261904761904762,0.19642857142857142,0.15716985395556823,0.20846107048197643,117,18,6,34,12,43,11,35,7,130,36,0.0678398609161377
167,0.1636904761904762,0.1875,0.14951679273107846,0.19902436897210415,117,18,6,35,12,43,11,35,7,131,36,0.06992506980895996
168,0.16666666666666666,0.1875,0.15249298320726892,0.19902436897210415,117,18,6,35,13,43,11,35,7,131,37,0.07118415832519531
169,0.16666666666666666,0.18303571428571427,0.15249298320726892,0.19554004841461287,118,18,6,36,13,43,11,35,7,132,37,0.07085704803466797
170,0.1636904761904762,0.1875,0.14994196279910565,0.20030195317651764,119,18,6,37,13,43,11,35,7,133,37,0.07046794891357422
171,0.16071428571428573,0.1875,0.1473909423909424,0.20030195317651764,120,18,6,37,13,43,12,35,7,133,38,0.06864809989929199
172,0.16071428571428573,0.18303571428571427,0.1473909423909424,0.19583766746223194,120,18,6,37,14,43,12,35,7,133,39,0.06809687614440918
173,0.15178571428571427,0.17857142857142858,0.13846237096237096,0.19137338174794621,121,19,6,37,14,43,12,35,7,134,39,0.06778502464294434
174,0.125,0.16964285714285715,0.11167665667665667,0.1824448103193748,121,19,6,37,14,43,12,36,7,135,39,0.0680239200592041
175,0.125,0.16964285714285715,0.11167665667665667,0.1824448103193748,122,20,6,37,14,43,12,36,7,136,39,0.0668950080871582
176,0.125,0.17410714285714285,0.11167665667665667,0.18592913087686608,123,20,6,37,14,44,12,36,7,137,39,0.0625767707824707
177,0.125,0.17410714285714285,0.11167665667665667,0.18592913087686608,124,20,6,38,14,44,12,36,7,138,39,0.061859846115112305
178,0.12202380952380952,0.16964285714285715,0.10881951381951381,0.1811672261149613,125,20,6,38,14,44,12,37,7,139,39,0.06170487403869629
179,0.12202380952380952,0.16964285714285715,0.10881951381951381,0.1811672261149613,126,20,7,38,14,44,12,37,7,139,40,0.061746835708618164
180,0.12202380952380952,0.16964285714285715,0.10881951381951381,0.1811672261149613,127,20,7,38,14,44,13,37,7,139,41,0.06109213829040527
181,0.12202380952380952,0.16964285714285715,0.10881951381951381,0.1811672261149613,127,20,7,38,15,44,13,37,7,139,42,0.060475826263427734
182,0.12202380952380952,0.16964285714285715,0.10881951381951381,0.1811672261149613,127,20,7,38,15,44,13,38,7,140,42,0.06213808059692383
183,0.125,0.16964285714285715,0.11167665667665667,0.1811672261149613,128,20,7,38,15,44,13,38,8,140,43,0.06924605369567871
184,0.125,0.17410714285714285,0.11167665667665667,0.18592913087686608,129,20,7,38,16,44,13,38,8,140,44,0.06267070770263672
185,0.125,0.17410714285714285,0.11167665667665667,0.18592913087686608,129,20,7,39,16,44,13,38,8,141,44,0.06371903419494629
186,0.12797619047619047,0.17410714285714285,0.11422767708481994,0.18592913087686608,129,20,7,39,16,44,14,38,8,141,45,0.06413412094116211
187,0.12797619047619047,0.17410714285714285,0.11422767708481994,0.18592913087686608,130,20,7,39,16,44,14,38,9,141,46,0.06497001647949219
188,0.12797619047619047,0.17410714285714285,0.11422767708481994,0.18592913087686608,130,20,7,40,16,44,14,38,9,142,46,0.06464624404907227
189,0.125,0.17410714285714285,0.1109809238380667,0.18592913087686608,130,20,7,41,16,44,14,38,9,143,46,0.06407499313354492
190,0.125,0.17410714285714285,0.1109809238380667,0.18592913087686608,130,20,7,41,16,45,14,38,9,144,46,0.0648488998413086
191,0.12797619047619047,0.17410714285714285,0.11422767708481994,0.18592913087686608,130,20,8,41,16,45,14,38,9,144,47,0.06563830375671387
192,0.12202380952380952,0.17410714285714285,0.10731792017506303,0.18592913087686608,130,20,8,41,16,46,14,38,9,145,47,0.0644981861114502
193,0.12202380952380952,0.17410714285714285,0.10731792017506303,0.18592913087686608,130,20,8,42,16,46,14,38,9,146,47,0.08510375022888184
194,0.12202380952380952,0.17410714285714285,0.10731792017506303,0.18592913087686608,130,20,9,42,16,46,14,38,9,146,48,0.06423020362854004
195,0.12202380952380952,0.17410714285714285,0.10731792017506303,0.18592913087686608,130,20,9,42,16,47,14,38,9,147,48,0.06374287605285645
196,0.125,0.17410714285714285,0.10986894058322628,0.18592913087686608,130,20,9,42,16,47,14,38,10,147,49,0.06427621841430664
197,0.125,0.17410714285714285,0.10986894058322628,0.18592913087686608,130,20,9,42,16,47,15,38,10,147,50,0.06484389305114746
198,0.12202380952380952,0.17410714285714285,0.10731792017506303,0.18592913087686608,130,20,9,43,16,47,15,38,10,148,50,0.0643157958984375
199,0.12202380952380952,0.17410714285714285,0.10731792017506303,0.18592913087686608,130,21,9,43,16,47,15,38,10,149,50,0.06376314163208008
200,0.12202380952380952,0.17410714285714285,0.10731792017506303,0.18592913087686608,131,21,9,43,16,47,15,39,10,150,50,0.06360793113708496
201,0.11607142857142858,0.17410714285714285,0.10221587935873648,0.18592913087686608,132,22,9,43,16,47,15,39,10,151,50,0.06319499015808105
202,0.1130952380952381,0.17410714285714285,0.09966485895057323,0.18592913087686608,132,22,9,43,16,47,15,40,10,152,50,0.06314229965209961
203,0.10119047619047619,0.16964285714285715,0.08946077731792017,0.1799767499244851,132,22,9,43,16,47,15,40,11,152,51,0.06570100784301758
204,0.1130952380952381,0.17410714285714285,0.09966485895057323,0.18592913087686608,132,23,9,43,16,47,15,40,11,153,51,0.06549811363220215
205,0.09821428571428571,0.16964285714285715,0.0869097569097569,0.1799767499244851,133,24,9,43,16,47,15,40,11,154,51,0.06434082984924316
206,0.09821428571428571,0.16517857142857142,0.0876054897483469,0.17402436897210416,134,25,9,43,16,47,15,40,11,155,51,0.06418609619140625
207,0.10119047619047619,0.16964285714285715,0.08946077731792017,0.1799767499244851,134,26,9,43,16,47,15,40,11,156,51,0.06305313110351562
208,0.09821428571428571,0.16517857142857142,0.0876054897483469,0.17402436897210416,135,27,9,43,16,47,15,40,11,157,51,0.06436395645141602
209,0.09821428571428571,0.16964285714285715,0.0869097569097569,0.1799767499244851,136,28,9,43,16,47,15,40,11,158,51,0.06305694580078125
210,0.10714285714285714,0.17410714285714285,0.09486894058322629,0.18473865468638984,137,29,9,43,16,47,15,40,11,159,51,0.06313800811767578
211,0.10714285714285714,0.16964285714285715,0.0945628181342467,0.1799767499244851,138,30,9,43,16,47,15,40,11,160,51,0.0653529167175293
212,0.09821428571428571,0.16964285714285715,0.0869097569097569,0.1799767499244851,138,30,9,43,16,47,15,41,11,161,51,0.06296491622924805
213,0.09821428571428571,0.16517857142857142,0.0876054897483469,0.17402436897210416,138,30,9,43,16,47,15,42,11,162,51,0.06283020973205566
214,0.09821428571428571,0.16517857142857142,0.0876054897483469,0.17402436897210416,139,31,9,43,16,47,15,42,11,163,51,0.0637359619140625
215,0.10119047619047619,0.16517857142857142,0.09085224299510013,0.17402436897210416,139,32,9,43,16,47,15,42,11,164,51,0.06609940528869629
216,0.10119047619047619,0.16517857142857142,0.09085224299510013,0.17402436897210416,139,33,9,43,16,47,15,42,11,165,51,0.06352710723876953
217,0.09821428571428571,0.16517857142857142,0.0876054897483469,0.17402436897210416,140,34,9,43,16,47,15,42,11,166,51,0.06737685203552246
218,0.09226190476190477,0.16517857142857142,0.08250344893202036,0.17402436897210416,140,34,9,43,16,47,15,43,11,167,51,0.06275820732116699
219,0.09226190476190477,0.16517857142857142,0.08250344893202036,0.17402436897210416,140,34,10,43,16,47,15,43,11,167,52,0.06467103958129883
220,0.09226190476190477,0.16517857142857142,0.08319918177061034,0.17402436897210416,140,34,10,43,16,47,15,44,11,168,52,0.06245088577270508
221,0.09226190476190477,0.16517857142857142,0.08250344893202036,0.17402436897210416,141,35,10,43,16,47,15,44,11,169,52,0.06411075592041016
222,0.09226190476190477,0.16964285714285715,0.08250344893202036,0.1799767499244851,142,35,11,43,16,47,15,44,11,169,53,0.06479787826538086
223,0.09226190476190477,0.16517857142857142,0.08250344893202036,0.17402436897210416,143,36,11,43,16,47,15,44,11,170,53,0.06428003311157227
224,0.08928571428571429,0.16517857142857142,0.07995242852385709,0.17402436897210416,143,37,11,43,16,47,15,44,11,171,53,0.065460205078125
225,0.08035714285714286,0.16071428571428573,0.07229936729936728,0.16807198801972323,144,37,11,43,16,47,15,45,11,172,53,0.06197333335876465
226,0.05357142857142857,0.13839285714285715,0.05003591646448789,0.13831008325781843,145,37,11,43,16,47,15,46,11,173,53,0.06758618354797363
227,0.044642857142857144,0.12946428571428573,0.04238285523999809,0.12640532135305654,146,38,11,43,16,47,15,46,11,174,53,0.06406021118164062
228,0.03869047619047619,0.11607142857142858,0.04075947861662147,0.10843479981110642,147,38,11,43,16,47,15,47,11,175,53,0.06544876098632812
229,0.05357142857142857,0.125,0.0569932448503877,0.11648468643242163,147,39,11,43,16,47,15,47,11,176,53,0.06308627128601074
230,0.047619047619047616,0.12053571428571429,0.050499738356881214,0.11251643246416766,147,40,11,43,16,47,15,47,11,177,53,0.06329774856567383
231,0.047619047619047616,0.12053571428571429,0.050499738356881214,0.11251643246416766,148,40,12,43,16,47,15,47,11,177,54,0.061945199966430664
232,0.044642857142857144,0.125,0.04586151943294801,0.12033956171586833,149,41,12,43,16,47,15,47,11,178,54,0.06419587135314941
233,0.044642857142857144,0.12053571428571429,0.04655725227153799,0.11251643246416766,150,42,12,43,16,47,15,47,11,179,54,0.06503105163574219
234,0.041666666666666664,0.12053571428571429,0.04261476618619475,0.11438718076348739,150,43,12,43,16,47,15,47,11,180,54,0.06461691856384277
235,0.044642857142857144,0.11607142857142858,0.04655725227153799,0.10843479981110642,151,44,12,43,16,47,15,47,11,181,54,0.06474804878234863
236,0.044642857142857144,0.12053571428571429,0.04655725227153799,0.11251643246416766,152,44,12,43,16,47,15,48,11,182,54,0.06496310234069824
237,0.03869047619047619,0.12053571428571429,0.04006374577803149,0.11251643246416766,152,45,12,43,16,47,15,48,11,183,54,0.06392717361450195
238,0.044642857142857144,0.11607142857142858,0.04655725227153799,0.10843479981110642,153,46,12,43,16,47,15,48,11,184,54,0.06916689872741699
239,0.047619047619047616,0.11607142857142858,0.04980400551829123,0.10843479981110642,154,46,13,43,16,47,15,48,11,184,55,0.06432223320007324
240,0.047619047619047616,0.12053571428571429,0.04902478473907045,0.1131967045730112,155,47,13,43,16,47,15,48,11,185,55,0.06447100639343262
241,0.03869047619047619,0.11607142857142858,0.04006374577803149,0.10843479981110642,155,48,13,43,16,47,15,48,11,186,55,0.06552410125732422
242,0.047619047619047616,0.11607142857142858,0.04980400551829123,0.10843479981110642,155,49,13,43,16,47,15,48,11,187,55,0.06482100486755371
243,0.03869047619047619,0.12053571428571429,0.04006374577803149,0.1131967045730112,156,49,13,43,16,47,15,49,11,188,55,0.06497883796691895
244,0.03571428571428571,0.12053571428571429,0.03681699253127824,0.11438718076348739,156,49,13,43,16,47,15,49,12,188,56,0.06534600257873535
245,0.041666666666666664,0.11607142857142858,0.04331049902478474,0.10843479981110642,156,49,13,43,16,47,15,50,12,189,56,0.06627297401428223
246,0.047619047619047616,0.11607142857142858,0.04980400551829123,0.10843479981110642,156,50,13,43,16,47,15,50,12,190,56,0.06388187408447266
247,0.047619047619047616,0.11607142857142858,0.050499738356881214,0.10843479981110642,156,51,13,43,16,47,15,50,12,191,56,0.06361913681030273
248,0.041666666666666664,0.11607142857142858,0.04331049902478474,0.10843479981110642,156,52,13,43,16,47,15,50,12,192,56,0.06303215026855469
249,0.044642857142857144,0.11607142857142858,0.04725298511012797,0.10843479981110642,157,53,13,43,16,47,15,50,12,193,56,0.06495189666748047
250,0.03869047619047619,0.11607142857142858,0.04075947861662147,0.10843479981110642,158,54,13,43,16,47,15,50,12,194,56,0.06400585174560547
251,0.044642857142857144,0.11607142857142858,0.04725298511012797,0.10843479981110642,159,55,13,43,16,47,15,50,12,195,56,0.0641322135925293
252,0.044642857142857144,0.11607142857142858,0.04725298511012797,0.10843479981110642,160,55,14,43,16,47,15,50,12,195,57,0.06398391723632812
253,0.041666666666666664,0.11607142857142858,0.04331049902478474,0.10843479981110642,161,55,15,43,16,47,15,50,12,195,58,0.06460094451904297
254,0.044642857142857144,0.11607142857142858,0.04725298511012797,0.10843479981110642,162,56,15,43,16,47,15,50,12,196,58,0.06610679626464844
255,0.044642857142857144,0.12053571428571429,0.04725298511012797,0.11251643246416766,162,57,15,43,16,47,15,50,12,197,58,0.06314492225646973
256,0.044642857142857144,0.12053571428571429,0.04725298511012797,0.11251643246416766,162,58,15,43,16,47,15,50,12,198,58,0.061949968338012695
257,0.047619047619047616,0.12053571428571429,0.050499738356881214,0.11251643246416766,163,59,15,43,16,47,15,50,12,199,58,0.06266403198242188
258,0.05952380952380952,0.13392857142857142,0.06348675134389418,0.12442119436892958,164,60,15,43,16,47,15,50,12,200,58,0.06080508232116699
259,0.05952380952380952,0.13392857142857142,0.06348675134389418,0.12442119436892958,164,60,15,43,16,48,15,50,12,201,58,0.06255483627319336
260,0.050595238095238096,0.125,0.05374649160363446,0.11648468643242163,165,61,15,43,16,48,15,50,12,202,58,0.06238985061645508
261,0.05654761904761905,0.13839285714285715,0.060239998097140944,0.12838944833718355,166,62,15,43,16,48,15,50,12,203,58,0.060256004333496094
262,0.05357142857142857,0.12946428571428573,0.0569932448503877,0.1204529404006756,167,63,15,43,16,48,15,50,12,204,58,0.06055808067321777
263,0.05654761904761905,0.12946428571428573,0.060239998097140944,0.1204529404006756,168,63,15,44,16,48,15,50,12,205,58,0.06423020362854004
264,0.05952380952380952,0.12946428571428573,0.06348675134389418,0.1204529404006756,169,64,15,44,16,48,15,50,12,206,58,0.06816697120666504
265,0.05952380952380952,0.12946428571428573,0.06348675134389418,0.1204529404006756,170,64,16,44,16,48,15,50,12,206,59,0.056654930114746094
266,0.05952380952380952,0.12946428571428573,0.06348675134389418,0.1204529404006756,170,65,16,44,16,48,15,50,12,207,59,0.05635499954223633
267,0.05952380952380952,0.12946428571428573,0.06348675134389418,0.1204529404006756,170,65,16,44,16,48,16,50,12,207,60,0.05475115776062012
268,0.05952380952380952,0.12946428571428573,0.06348675134389418,0.1204529404006756,170,65,17,44,16,48,16,50,12,207,61,0.05421113967895508
